90
-88383.8
-70589.8
-51578.7
-67983.2
-8566.07
42249.1
55262.2
-61588
80563
51252.3
-99570.7
-93155.9
74501.8
30655.9
-8940.19
-90878.6
-76610.9
-22634.4
64779.7
-42990.6
24926.2
9394.79
21566.8
97654.5
91929
-81135.6
99779.6
29791.1
78541.4
-62809.6
-60741
29087.1
73330.7
14780.2
18475.1
16510.4
80334.7
-96825.6
-72861.1
21088.8
85621.9
-87585.9
44100.9
717.618
72288.4
-89182.9
-82501.8
2080.86
-95135.1
43252.1
-58025.9
50588.9
48372.1
13552.3
56832.1
-5751.34
48809.6
-88418
92450.1
82678.6
48380.3
-15684.2
-57740.9
-27839.1
-16629.6
-30531.6
41430.8
23392.1
-25610.6
-17740
55736.5
-16573
94664.4
-43539.4
-85103.4
-23827.2
10787.4
-95644.2
-98646.8
53724.9
-1404.39
95736
-28201.5
69782.9
-40949.6
24449
-92225.9
82990.8
-15736.8
46867.1
